128.0 + 
MediaQuery.of(context).size.width

411.42857142857144 - 128.0 - width 

102

59->60

61 - 80
127 - x

x = 


79->144

40 - 41
127 - x

x = 130,175

41 - 42
x - 127

x = 123,97619047619047619047619047619

86 - 59
127 - x

x = 87

18 - 59
x  - 86

altura ana_jump = 182
altura ana_throw = 136